{
    "name": "Bedlam Boss",
     "players": [
        2,
        8
    ],
    "creator": "(Metapod)",
    "version": "1",
    "date": "2016/04/27",
    "description": "A cooler looking Bedlam with more spawn metal",
	"planets": [
        {
            "name": "Floki",
            "mass": 10000,
            "position_x": 27800,
            "position_y": -31600,
            "velocity_x": 81.83415222167969,
            "velocity_y": 71.99334716796875,
            "required_thrust_to_move": 0,
            "starting_planet": true,
            "respawn": false,
            "start_destroyed": false,
            "min_spawn_delay": 0,
            "max_spawn_delay": 0,
            "planet": {
                "seed": 1139343616,
                "radius": 700,
                "heightRange": 35,
                "waterHeight": 47,
                "waterDepth": 100,
                "temperature": 0,
                "metalDensity": 0,
                "metalClusters": 0,
                "metalSpotLimit": -1,
                "biomeScale": 50,
                "biome": "ice_boss",
                "symmetryType": "none",
                "symmetricalMetal": false,
                "symmetricalStarts": false,
                "numArmies": 2,
                "landingZonesPerArmy": 0,
                "landingZoneSize": 0
            },
            "source": {
                "brushes": [
                    {
                        "spec": "/pa/terrain/ice/brushes/ice_cliff_09.json",
                        "weight": [
                            1,
                            1,
                            1,
                            1
                        ],
                        "proj": "BP_Bend",
                        "op": "BO_Add",
                        "transform": [
                            -0.741331934928894,
                            0.379203736782074,
                            -0.5537431836128235,
                            -388.92205810546875,
                            0.02658282220363617,
                            -0.8078421950340271,
                            -0.5887991189956665,
                            -413.5436096191406,
                            -0.6706119775772095,
                            -0.4512156844139099,
                            0.5887989401817322,
                            413.5434875488281
                        ],
                        "scale": [
                            1,
                            1,
                            1
                        ],
                        "rotation": 3.3653981685638428,
                        "position": [
                            -388.922119140625,
                            -413.543701171875,
                            413.5435791015625
                        ],
                        "height": 702.3509521484375,
                        "weightHard": false,
                        "weightScale": [
                            1,
                            1,
                            1
                        ],
                        "mirrored": false,
                        "twinId": 0,
                        "flooded": false,
                        "pathable": false,
                        "mergeable": false,
                        "no_features": false
                    },
                    {
                        "spec": "/pa/terrain/ice/brushes/ice_cliff_11.json",
                        "weight": [
                            1,
                            1,
                            1,
                            1
                        ],
                        "proj": "BP_Bend",
                        "op": "BO_Add",
                        "transform": [
                            0.7135851383209229,
                            -0.5560826659202576,
                            0.4261084496974945,
                            298.683349609375,
                            0.6755917072296143,
                            0.7071822881698608,
                            -0.20849241316318512,
                            -146.14404296875,
                            -0.18539732694625854,
                            0.43665242195129395,
                            0.8803195357322693,
                            617.0654296875
                        ],
                        "scale": [
                            1,
                            1,
                            1
                        ],
                        "rotation": 0.7142283916473389,
                        "position": [
                            298.683349609375,
                            -146.14404296875,
                            617.0654296875
                        ],
                        "height": 700.9561767578125,
                        "weightHard": false,
                        "weightScale": [
                            1,
                            1,
                            1
                        ],
                        "mirrored": false,
                        "twinId": 0,
                        "flooded": false,
                        "pathable": false,
                        "mergeable": false,
                        "no_features": false
                    },
                    {
                        "spec": "/pa/terrain/ice/brushes/ice_cliff_09.json",
                        "weight": [
                            1,
                            1,
                            1,
                            1
                        ],
                        "proj": "BP_Bend",
                        "op": "BO_Add",
                        "transform": [
                            -0.06937151402235031,
                            0.6909019947052002,
                            -0.7196123003959656,
                            -502.0471496582031,
                            0.7315737009048462,
                            -0.45518529415130615,
                            -0.5075492262840271,
                            -354.0985107421875,
                            -0.6782236695289612,
                            -0.5616589188575745,
                            -0.47386884689331055,
                            -330.6009521484375
                        ],
                        "scale": [
                            1,
                            1,
                            1
                        ],
                        "rotation": 3.0642120838165283,
                        "position": [
                            -502.047119140625,
                            -354.0984802246094,
                            -330.60113525390625
                        ],
                        "height": 697.6633911132812,
                        "weightHard": false,
                        "weightScale": [
                            1,
                            1,
                            1
                        ],
                        "mirrored": false,
                        "twinId": 0,
                        "flooded": false,
                        "pathable": false,
                        "mergeable": false,
                        "no_features": false
                    },
                    {
                        "spec": "/pa/terrain/ice/brushes/ice_cliff_09.json",
                        "weight": [
                            1,
                            1,
                            1,
                            1
                        ],
                        "proj": "BP_Bend",
                        "op": "BO_Add",
                        "transform": [
                            0.2336093932390213,
                            0.894907534122467,
                            0.38021987676620483,
                            266.01849365234375,
                            -0.7129595279693604,
                            -0.10823764652013779,
                            0.6928011178970337,
                            484.71405029296875,
                            0.6611470580101013,
                            -0.4329262375831604,
                            0.6127475500106812,
                            428.7050476074219
                        ],
                        "scale": [
                            1,
                            1,
                            1
                        ],
                        "rotation": 4.790205478668213,
                        "position": [
                            266.01849365234375,
                            484.71405029296875,
                            428.705078125
                        ],
                        "height": 699.6438598632812,
                        "weightHard": false,
                        "weightScale": [
                            1,
                            1,
                            1
                        ],
                        "mirrored": false,
                        "twinId": 0,
                        "flooded": false,
                        "pathable": false,
                        "mergeable": false,
                        "no_features": false
                    },
                    {
                        "spec": "/pa/terrain/ice/brushes/ice_cliff_09.json",
                        "weight": [
                            1,
                            1,
                            1,
                            1
                        ],
                        "proj": "BP_Bend",
                        "op": "BO_Add",
                        "transform": [
                            0.36738958954811096,
                            -0.044553760439157486,
                            0.9289992451667786,
                            655.6421508789062,
                            0.011029385030269623,
                            -0.9985730051994324,
                            -0.05225219577550888,
                            -36.87704086303711,
                            0.9300015568733215,
                            0.02944321185350418,
                            -0.3663738965988159,
                            -258.5687561035156
                        ],
                        "scale": [
                            1,
                            1,
                            1
                        ],
                        "rotation": 3.053757429122925,
                        "position": [
                            655.6422119140625,
                            -36.877044677734375,
                            -258.56884765625
                        ],
                        "height": 705.7510375976562,
                        "weightHard": false,
                        "weightScale": [
                            1,
                            1,
                            1
                        ],
                        "mirrored": false,
                        "twinId": 0,
                        "flooded": false,
                        "pathable": false,
                        "mergeable": false,
                        "no_features": false
                    },
                    {
                        "spec": "/pa/terrain/ice/brushes/ice_cliff_09.json",
                        "weight": [
                            1,
                            1,
                            1,
                            1
                        ],
                        "proj": "BP_Bend",
                        "op": "BO_Add",
                        "transform": [
                            -0.3978955149650574,
                            1.3808588981628418,
                            -1.2883340120315552,
                            -465.457763671875,
                            1.502454161643982,
                            1.0291534662246704,
                            0.6390392780303955,
                            230.8762969970703,
                            1.1442060470581055,
                            -0.8711879849433899,
                            -1.2871366739273071,
                            -465.0251770019531
                        ],
                        "scale": [
                            1.9299991130828857,
                            1.9299991130828857,
                            1.9299991130828857
                        ],
                        "rotation": 6.473478317260742,
                        "position": [
                            -465.45770263671875,
                            230.87628173828125,
                            -465.02520751953125
                        ],
                        "height": 697.28271484375,
                        "weightHard": false,
                        "weightScale": [
                            1,
                            1,
                            1
                        ],
                        "mirrored": false,
                        "twinId": 0,
                        "flooded": false,
                        "pathable": false,
                        "mergeable": false,
                        "no_features": false
                    },
                    {
                        "spec": "/pa/terrain/ice/brushes/ice_cliff_09.json",
                        "weight": [
                            1,
                            1,
                            1,
                            1
                        ],
                        "proj": "BP_Bend",
                        "op": "BO_Add",
                        "transform": [
                            -0.9217296838760376,
                            -0.3565296530723572,
                            -0.1526467651128769,
                            -106.99520874023438,
                            -0.0739508718252182,
                            0.5479347705841064,
                            -0.8332460522651672,
                            -584.0499267578125,
                            0.3807174265384674,
                            -0.7567392587661743,
                            -0.5314134359359741,
                            -372.48541259765625
                        ],
                        "scale": [
                            1,
                            1,
                            1
                        ],
                        "rotation": 2.4942798614501953,
                        "position": [
                            -106.99520874023438,
                            -584.0499267578125,
                            -372.4853515625
                        ],
                        "height": 700.933349609375,
                        "weightHard": false,
                        "weightScale": [
                            1,
                            1,
                            1
                        ],
                        "mirrored": false,
                        "twinId": 0,
                        "flooded": false,
                        "pathable": false,
                        "mergeable": false,
                        "no_features": false
                    },
                    {
                        "spec": "/pa/terrain/ice/brushes/ice_cliff_11.json",
                        "weight": [
                            1,
                            1,
                            1,
                            1
                        ],
                        "proj": "BP_Bend",
                        "op": "BO_Add",
                        "transform": [
                            0.5013941526412964,
                            0.6881918907165527,
                            -0.5244003534317017,
                            -365.6147766113281,
                            0.0715298056602478,
                            -0.6369852423667908,
                            -0.7675502300262451,
                            -535.1401977539062,
                            -0.8622572422027588,
                            0.34733498096466064,
                            -0.36860692501068115,
                            -256.9947509765625
                        ],
                        "scale": [
                            1,
                            1,
                            1
                        ],
                        "rotation": 4.4959540367126465,
                        "position": [
                            -365.61474609375,
                            -535.14013671875,
                            -256.9947204589844
                        ],
                        "height": 697.2054443359375,
                        "weightHard": false,
                        "weightScale": [
                            1,
                            1,
                            1
                        ],
                        "mirrored": false,
                        "twinId": 0,
                        "flooded": false,
                        "pathable": false,
                        "mergeable": false,
                        "no_features": false
                    },
                    {
                        "spec": "/pa/terrain/ice/brushes/ice_cliff_09.json",
                        "weight": [
                            1,
                            1,
                            1,
                            1
                        ],
                        "proj": "BP_Bend",
                        "op": "BO_Add",
                        "transform": [
                            0.9027615785598755,
                            -0.4215738773345947,
                            0.08542224019765854,
                            59.73614501953125,
                            -0.031192097812891006,
                            0.13390755653381348,
                            0.9905028939247131,
                            692.6630249023438,
                            -0.4290088415145874,
                            -0.896852433681488,
                            0.10773682594299316,
                            75.34083557128906
                        ],
                        "scale": [
                            1,
                            1,
                            1
                        ],
                        "rotation": 0.36014917492866516,
                        "position": [
                            59.73614501953125,
                            692.6629638671875,
                            75.3409423828125
                        ],
                        "height": 699.3043823242188,
                        "weightHard": false,
                        "weightScale": [
                            1,
                            1,
                            1
                        ],
                        "mirrored": false,
                        "twinId": 0,
                        "flooded": false,
                        "pathable": false,
                        "mergeable": false,
                        "no_features": false
                    },
                    {
                        "spec": "/pa/terrain/ice/brushes/ice_cliff_11.json",
                        "weight": [
                            1,
                            1,
                            1,
                            1
                        ],
                        "proj": "BP_Bend",
                        "op": "BO_Add",
                        "transform": [
                            -0.47081464529037476,
                            -0.375609815120697,
                            -0.7982799410820007,
                            -557.1739501953125,
                            -0.417622447013855,
                            0.8919281959533691,
                            -0.173365518450737,
                            -121.00360870361328,
                            0.7771261930465698,
                            0.25175660848617554,
                            -0.5767959356307983,
                            -402.5851745605469
                        ],
                        "scale": [
                            1,
                            1,
                            1
                        ],
                        "rotation": 6.183748722076416,
                        "position": [
                            -557.173828125,
                            -121.00357818603516,
                            -402.5852966308594
                        ],
                        "height": 697.9681396484375,
                        "weightHard": false,
                        "weightScale": [
                            1,
                            1,
                            1
                        ],
                        "mirrored": false,
                        "twinId": 0,
                        "flooded": false,
                        "pathable": false,
                        "mergeable": false,
                        "no_features": false
                    },
                    {
                        "spec": "/pa/terrain/ice/brushes/ice_cliff_09.json",
                        "weight": [
                            1,
                            1,
                            1,
                            1
                        ],
                        "proj": "BP_Bend",
                        "op": "BO_Add",
                        "transform": [
                            -0.6229126453399658,
                            0.17036613821983337,
                            -0.763515055179596,
                            -532.5952758789062,
                            0.23731157183647156,
                            -0.88885498046875,
                            -0.391944020986557,
                            -273.4032897949219,
                            -0.7454281449317932,
                            -0.42533785104751587,
                            0.5132491588592529,
                            358.0205383300781
                        ],
                        "scale": [
                            1,
                            1,
                            1
                        ],
                        "rotation": 3.0973386764526367,
                        "position": [
                            -532.5952758789062,
                            -273.4032897949219,
                            358.0205383300781
                        ],
                        "height": 697.5570068359375,
                        "weightHard": false,
                        "weightScale": [
                            1,
                            1,
                            1
                        ],
                        "mirrored": false,
                        "twinId": 0,
                        "flooded": false,
                        "pathable": false,
                        "mergeable": false,
                        "no_features": false
                    },
                    {
                        "spec": "/pa/terrain/ice/brushes/ice_cliff_09.json",
                        "weight": [
                            1,
                            1,
                            1,
                            1
                        ],
                        "proj": "BP_Bend",
                        "op": "BO_Add",
                        "transform": [
                            -0.3900049924850464,
                            -0.3997113108634949,
                            -0.829534113407135,
                            -583.6277465820312,
                            0.8816493153572083,
                            -0.4220302700996399,
                            -0.21115148067474365,
                            -148.55792236328125,
                            -0.26568886637687683,
                            -0.8137083649635315,
                            0.5169990658760071,
                            363.7403564453125
                        ],
                        "scale": [
                            1,
                            1,
                            1
                        ],
                        "rotation": 2.135648012161255,
                        "position": [
                            -583.6278076171875,
                            -148.5579376220703,
                            363.7403564453125
                        ],
                        "height": 703.5608520507812,
                        "weightHard": false,
                        "weightScale": [
                            1,
                            1,
                            1
                        ],
                        "mirrored": false,
                        "twinId": 0,
                        "flooded": false,
                        "pathable": false,
                        "mergeable": false,
                        "no_features": false
                    },
                    {
                        "spec": "/pa/terrain/ice/brushes/ice_cliff_09.json",
                        "weight": [
                            1,
                            1,
                            1,
                            1
                        ],
                        "proj": "BP_Bend",
                        "op": "BO_Add",
                        "transform": [
                            -0.6168895363807678,
                            -0.4011736512184143,
                            -0.6771315336227417,
                            -472.8731384277344,
                            0.570218026638031,
                            -0.8208228945732117,
                            -0.03318265080451965,
                            -23.173023223876953,
                            -0.5424930453300476,
                            -0.40658265352249146,
                            0.7351135015487671,
                            513.3646850585938
                        ],
                        "scale": [
                            1,
                            1,
                            1
                        ],
                        "rotation": 2.547395944595337,
                        "position": [
                            -472.87310791015625,
                            -23.173019409179688,
                            513.36474609375
                        ],
                        "height": 698.3475341796875,
                        "weightHard": false,
                        "weightScale": [
                            1,
                            1,
                            1
                        ],
                        "mirrored": false,
                        "twinId": 0,
                        "flooded": false,
                        "pathable": false,
                        "mergeable": false,
                        "no_features": false
                    },
                    {
                        "spec": "/pa/terrain/ice/brushes/ice_cliff_11.json",
                        "weight": [
                            1,
                            1,
                            1,
                            1
                        ],
                        "proj": "BP_Bend",
                        "op": "BO_Add",
                        "transform": [
                            0.7852798700332642,
                            0.4734068214893341,
                            0.3990257978439331,
                            279.3371887207031,
                            -0.6126126050949097,
                            0.5007646679878235,
                            0.6115067601203918,
                            428.0840759277344,
                            0.08967342972755432,
                            -0.7246521711349487,
                            0.6832554340362549,
                            478.31158447265625
                        ],
                        "scale": [
                            1,
                            1,
                            1
                        ],
                        "rotation": 5.581913471221924,
                        "position": [
                            279.3371887207031,
                            428.08404541015625,
                            478.31158447265625
                        ],
                        "height": 700.0479736328125,
                        "weightHard": false,
                        "weightScale": [
                            1,
                            1,
                            1
                        ],
                        "mirrored": false,
                        "twinId": 0,
                        "flooded": false,
                        "pathable": false,
                        "mergeable": false,
                        "no_features": false
                    },
                    {
                        "spec": "/pa/terrain/ice/brushes/ice_cliff_11.json",
                        "weight": [
                            1,
                            1,
                            1,
                            1
                        ],
                        "proj": "BP_Bend",
                        "op": "BO_Add",
                        "transform": [
                            0.9068694114685059,
                            0.2844327390193939,
                            0.3109434247016907,
                            216.7718963623047,
                            -0.34300312399864197,
                            0.9268679618835449,
                            0.1525276154279709,
                            106.33349609375,
                            -0.24481965601444244,
                            -0.244977205991745,
                            0.9381095170974731,
                            653.99609375
                        ],
                        "scale": [
                            1,
                            1,
                            1
                        ],
                        "rotation": 5.95350980758667,
                        "position": [
                            216.77191162109375,
                            106.33349609375,
                            653.99609375
                        ],
                        "height": 697.142578125,
                        "weightHard": false,
                        "weightScale": [
                            1,
                            1,
                            1
                        ],
                        "mirrored": false,
                        "twinId": 0,
                        "flooded": false,
                        "pathable": false,
                        "mergeable": false,
                        "no_features": false
                    },
                    {
                        "spec": "/pa/terrain/ice/brushes/ice_cliff_09.json",
                        "weight": [
                            1,
                            1,
                            1,
                            1
                        ],
                        "proj": "BP_Bend",
                        "op": "BO_Add",
                        "transform": [
                            0.8260901570320129,
                            -0.47300413250923157,
                            -0.3063366711139679,
                            -214.08602905273438,
                            0.5541382431983948,
                            0.582939863204956,
                            0.5942322611808777,
                            415.28436279296875,
                            -0.10249847173690796,
                            -0.6606422662734985,
                            0.7436705231666565,
                            519.7205810546875
                        ],
                        "scale": [
                            1,
                            1,
                            1
                        ],
                        "rotation": 0.6299062967300415,
                        "position": [
                            -214.08602905273438,
                            415.28436279296875,
                            519.7205810546875
                        ],
                        "height": 698.858642578125,
                        "weightHard": false,
                        "weightScale": [
                            1,
                            1,
                            1
                        ],
                        "mirrored": false,
                        "twinId": 0,
                        "flooded": false,
                        "pathable": false,
                        "mergeable": false,
                        "no_features": false
                    },
                    {
                        "spec": "/pa/terrain/ice/brushes/ice_cliff_11.json",
                        "weight": [
                            1,
                            1,
                            1,
                            1
                        ],
                        "proj": "BP_Bend",
                        "op": "BO_Add",
                        "transform": [
                            -0.5501668453216553,
                            0.757752537727356,
                            0.350895494222641,
                            245.17063903808594,
                            -0.05637495219707489,
                            -0.45295166969299316,
                            0.8897508382797241,
                            621.6688232421875,
                            0.8331496715545654,
                            0.4697296619415283,
                            0.29191720485687256,
                            203.9625244140625
                        ],
                        "scale": [
                            1,
                            1,
                            1
                        ],
                        "rotation": 3.823364734649658,
                        "position": [
                            245.17063903808594,
                            621.6688232421875,
                            203.9624786376953
                        ],
                        "height": 698.6998901367188,
                        "weightHard": false,
                        "weightScale": [
                            1,
                            1,
                            1
                        ],
                        "mirrored": false,
                        "twinId": 0,
                        "flooded": false,
                        "pathable": false,
                        "mergeable": false,
                        "no_features": false
                    },
                    {
                        "spec": "/pa/terrain/ice/brushes/ice_cliff_11.json",
                        "weight": [
                            1,
                            1,
                            1,
                            1
                        ],
                        "proj": "BP_Bend",
                        "op": "BO_Add",
                        "transform": [
                            0.6877392530441284,
                            0.7005668878555298,
                            -0.1903175711631775,
                            -132.73399353027344,
                            -0.26340365409851074,
                            0.4851040244102478,
                            0.8338420391082764,
                            581.5499877929688,
                            0.6764859557151794,
                            -0.5233355164527893,
                            0.5181570053100586,
                            361.3804626464844
                        ],
                        "scale": [
                            1,
                            1,
                            1
                        ],
                        "rotation": 5.595227241516113,
                        "position": [
                            -132.73399353027344,
                            581.550048828125,
                            361.38043212890625
                        ],
                        "height": 697.4342651367188,
                        "weightHard": false,
                        "weightScale": [
                            1,
                            1,
                            1
                        ],
                        "mirrored": false,
                        "twinId": 0,
                        "flooded": false,
                        "pathable": false,
                        "mergeable": false,
                        "no_features": false
                    },
                    {
                        "spec": "/pa/terrain/ice/brushes/ice_cliff_09.json",
                        "weight": [
                            1,
                            1,
                            1,
                            1
                        ],
                        "proj": "BP_Bend",
                        "op": "BO_Add",
                        "transform": [
                            -0.7219085693359375,
                            -0.6006085276603699,
                            -0.3436821401119232,
                            -239.9854278564453,
                            -0.02295282483100891,
                            -0.47560229897499084,
                            0.8793609738349915,
                            614.0377807617188,
                            -0.6916077136993408,
                            0.6427066922187805,
                            0.3295556902885437,
                            230.12124633789062
                        ],
                        "scale": [
                            1,
                            1,
                            1
                        ],
                        "rotation": 2.6921398639678955,
                        "position": [
                            -239.98541259765625,
                            614.0377197265625,
                            230.12132263183594
                        ],
                        "height": 698.2772827148438,
                        "weightHard": false,
                        "weightScale": [
                            1,
                            1,
                            1
                        ],
                        "mirrored": false,
                        "twinId": 0,
                        "flooded": false,
                        "pathable": false,
                        "mergeable": false,
                        "no_features": false
                    },
                    {
                        "spec": "/pa/terrain/ice/brushes/ice_cliff_09.json",
                        "weight": [
                            1,
                            1,
                            1,
                            1
                        ],
                        "proj": "BP_Bend",
                        "op": "BO_Add",
                        "transform": [
                            -0.47110676765441895,
                            0.06403937935829163,
                            0.8797482848167419,
                            620.6105346679688,
                            -0.49772384762763977,
                            0.8041163682937622,
                            -0.32506582140922546,
                            -229.3147735595703,
                            -0.7282370328903198,
                            -0.5910123586654663,
                            -0.3469507694244385,
                            -244.75331115722656
                        ],
                        "scale": [
                            1,
                            1,
                            1
                        ],
                        "rotation": 5.247492790222168,
