{
    "name": "Lock X",
     "players": [
        2,
        6
    ],
    "creator": "(Metapod)",
    "version": "1",
    "date": "2016/03/20",
    "description": "lock with lava",
	"planets": [
        {
            "name": "TL-106-X",
            "mass": 5000,
            "position_x": 13200,
            "position_y": -15400,
            "velocity_x": 119.20857238769531,
            "velocity_y": 102.17878723144531,
            "required_thrust_to_move": 0,
            "starting_planet": true,
            "respawn": false,
            "start_destroyed": false,
            "min_spawn_delay": 0,
            "max_spawn_delay": 0,
            "planet": {
                "seed": 1624909312,
                "radius": 400,
                "heightRange": 0,
                "waterHeight": 50,
                "waterDepth": 50,
                "temperature": 0,
                "metalDensity": 0,
                "metalClusters": 0,
                "metalSpotLimit": -1,
                "biomeScale": 50,
                "biome": "lava",
                "symmetryType": "terrain and CSG",
                "symmetricalMetal": true,
                "symmetricalStarts": true,
                "numArmies": 2,
                "landingZonesPerArmy": 1,
                "landingZoneSize": 0
            },
            "source": {
                "metal_spots": [
                    [
                        363.38922119140625,
                        128.3162078857422,
                        162.63917541503906
                    ],
                    [
                        363.38922119140625,
                        128.3162078857422,
                        -162.63917541503906
                    ],
                    [
                        116.12371826171875,
                        -366.7140808105469,
                        171.8002166748047
                    ],
                    [
                        116.12371826171875,
                        -366.7140808105469,
                        -171.8002166748047
                    ],
                    [
                        239.7178955078125,
                        -106.76594543457031,
                        340.2657165527344
                    ],
                    [
                        239.7178955078125,
                        -106.76594543457031,
                        -340.2657165527344
                    ],
                    [
                        94.98037719726562,
                        53.532535552978516,
                        -415.00732421875
                    ],
                    [
                        94.98037719726562,
                        53.532535552978516,
                        415.00732421875
                    ],
                    [
                        -35.60544204711914,
                        121.46574401855469,
                        -408.6583251953125
                    ],
                    [
                        -35.60544204711914,
                        121.46574401855469,
                        408.6583251953125
                    ],
                    [
                        -104.60330963134766,
                        -9.505377769470215,
                        -414.4125671386719
                    ],
                    [
                        -104.60330963134766,
                        -9.505377769470215,
                        414.4125671386719
                    ],
                    [
                        27.114662170410156,
                        -76.30621337890625,
                        -421.4147033691406
                    ],
                    [
                        27.114662170410156,
                        -76.30621337890625,
                        421.4147033691406
                    ],
                    [
                        -195.80960083007812,
                        -67.92538452148438,
                        -363.5547180175781
                    ],
                    [
                        -195.80960083007812,
                        -67.92538452148438,
                        363.5547180175781
                    ],
                    [
                        -308.635009765625,
                        -65.34779357910156,
                        -275.5941467285156
                    ],
                    [
                        -308.635009765625,
                        -65.34779357910156,
                        275.5941467285156
                    ],
                    [
                        -281.36224365234375,
                        -199.83277893066406,
                        -236.41482543945312
                    ],
                    [
                        -281.36224365234375,
                        -199.83277893066406,
                        236.41482543945312
                    ],
                    [
                        -11.233230590820312,
                        362.0553894042969,
                        -205.30197143554688
                    ],
                    [
                        -11.233230590820312,
                        362.0553894042969,
                        205.30197143554688
                    ],
                    [
                        -132.68704223632812,
                        302.6299133300781,
                        -253.341796875
                    ],
                    [
                        -132.68704223632812,
                        302.6299133300781,
                        253.341796875
                    ],
                    [
                        -56.571746826171875,
                        223.4395751953125,
                        -346.6189270019531
                    ],
                    [
                        -56.571746826171875,
                        223.4395751953125,
                        346.6189270019531
                    ],
                    [
                        336.990966796875,
                        120.88813781738281,
                        -215.91552734375
                    ],
                    [
                        336.990966796875,
                        120.88813781738281,
                        215.91552734375
                    ],
                    [
                        382.975830078125,
                        131.6312255859375,
                        -105.52444458007812
                    ],
                    [
                        382.975830078125,
                        131.6312255859375,
                        105.52444458007812
                    ],
                    [
                        102.69717407226562,
                        -338.23565673828125,
                        -228.4991455078125
                    ],
                    [
                        102.69717407226562,
                        -338.23565673828125,
                        228.4991455078125
                    ],
                    [
                        122.91162109375,
                        -385.273193359375,
                        -116.1353759765625
                    ],
                    [
                        122.91162109375,
                        -385.273193359375,
                        116.1353759765625
                    ],
                    [
                        384.54400634765625,
                        -193.3916015625,
                        -1.4905014038085938
                    ],
                    [
                        63.68341064453125,
                        282,
                        -297.5228271484375
                    ],
                    [
                        63.68341064453125,
                        282,
                        297.5228271484375
                    ],
                    [
                        -169.02923583984375,
                        -204.0055389404297,
                        -324.4386901855469
                    ],
                    [
                        -169.02923583984375,
                        -204.0055389404297,
                        324.4386901855469
                    ],
                    [
                        -398.93048095703125,
                        -10.789230346679688,
                        35.684329986572266
                    ],
                    [
                        -398.93048095703125,
                        -10.789230346679688,
                        -35.684329986572266
                    ],
                    [
                        -399.7412109375,
                        29.619667053222656,
                        0.7817840576171875
                    ],
                    [
                        190.52777099609375,
                        -224.4735107421875,
                        271.6852111816406
                    ],
                    [
                        190.52777099609375,
                        -224.4735107421875,
                        -271.6852111816406
                    ],
                    [
                        216.58270263671875,
                        -213.17987060546875,
                        260.7502746582031
                    ],
                    [
                        216.58270263671875,
                        -213.17987060546875,
                        -260.7502746582031
                    ],
                    [
                        -110.69854736328125,
                        74.88630676269531,
                        399.18280029296875
                    ],
                    [
                        -110.69854736328125,
                        74.88630676269531,
                        -399.18280029296875
                    ],
                    [
                        -134.75057983398438,
                        70.88385009765625,
                        382.77142333984375
                    ],
                    [
                        -119.97933959960938,
                        99.80594635009766,
                        381.16473388671875
                    ],
                    [
                        -119.97933959960938,
                        99.80594635009766,
                        -381.16473388671875
                    ],
                    [
                        -135.3414306640625,
                        71.87130737304688,
                        -381.89727783203125
                    ],
                    [
                        -236.76089477539062,
                        287.0509033203125,
                        162.7374267578125
                    ],
                    [
                        -236.76089477539062,
                        287.0509033203125,
                        -162.7374267578125
                    ],
                    [
                        -175.25942993164062,
                        310.6512451171875,
                        194.0804443359375
                    ],
                    [
                        -175.25942993164062,
                        310.6512451171875,
                        -194.0804443359375
                    ]
                ],
                "landing_zones": {
                    "list": [
                        [
                            -3.442646026611328,
                            22.779495239257812,
                            428.111328125
                        ],
                        [
                            -3.442646026611328,
                            22.779495239257812,
                            -428.111328125
                        ],
                        [
                            -34.33258056640625,
                            301.0443115234375,
                            -284.92437744140625
                        ],
                        [
                            -34.33258056640625,
                            301.0443115234375,
                            284.92437744140625
                        ],
                        [
                            -245.93450927734375,
                            -137.92440795898438,
                            -310.31884765625
                        ],
                        [
                            -245.93450927734375,
                            -137.92440795898438,
                            310.31884765625
                        ]
                    ],
                    "rules": [
                        {
                            "min": 2,
                            "max": 10
                        },
                        {
                            "min": 2,
                            "max": 10
                        },
                        {
                            "min": 3,
                            "max": 10
                        },
                        {
                            "min": 4,
                            "max": 10
                        },
                        {
                            "min": 5,
                            "max": 10
                        },
                        {
                            "min": 6,
                            "max": 10
                        }
                    ]
                }
            },
            "planetCSG": [
                {
                    "weight": [
                        1,
                        1,
                        1,
                        1
                    ],
                    "spec": "/pa/terrain/metal/brushes/metal_t2_medium_bend.json",
                    "proj": "BP_Bend",
                    "transform": [
                        -0.22516295313835144,
                        -0.8475951552391052,
                        0.48050400614738464,
                        192.1159210205078,
                        0.9123411774635315,
                        -0.35650399327278137,
                        -0.20134198665618896,
                        -80.50089263916016,
                        0.34195810556411743,
                        0.39304882287979126,
                        0.8535674214363098,
                        341.2747802734375
                    ],
                    "op": "BO_Add",
                    "rotation": 1.8899987936019897,
                    "scale": [
                        1,
                        1,
                        1
                    ],
                    "height": 399.8216857910156,
                    "position": [
                        192.11590576171875,
                        -80.50088500976562,
                        341.2747802734375
                    ],
                    "weightHard": false,
                    "weightScale": [
                        1,
                        1,
                        1
                    ],
                    "mirrored": false,
                    "twinId": 9,
                    "flooded": false,
                    "pathable": true,
                    "mergeable": false,
                    "no_features": true
                },
                {
                    "weight": [
                        1,
                        1,
                        1,
                        1
                    ],
                    "spec": "/pa/terrain/metal/brushes/metal_t2_medium_bend.json",
                    "proj": "BP_Bend",
                    "transform": [
                        -0.22516295313835144,
                        -0.8475951552391052,
                        0.48050400614738464,
                        192.11590576171875,
                        0.9123411774635315,
                        -0.35650399327278137,
                        -0.20134198665618896,
                        -80.50089263916016,
                        -0.34195810556411743,
                        -0.39304882287979126,
                        -0.8535674214363098,
                        -341.2747802734375
                    ],
                    "op": "BO_Add",
                    "rotation": 1.8899987936019897,
                    "scale": [
                        1,
                        1,
                        1
                    ],
                    "height": 399.8216857910156,
                    "position": [
                        192.11590576171875,
                        -80.50088500976562,
                        341.2747802734375
                    ],
                    "weightHard": false,
                    "weightScale": [
                        1,
                        1,
                        1
                    ],
                    "mirrored": true,
                    "twinId": 9,
                    "flooded": false,
                    "pathable": true,
                    "mergeable": false,
                    "no_features": true
                },
                {
                    "weight": [
                        1,
                        1,
                        1,
                        1
                    ],
                    "spec": "/pa/terrain/metal/brushes/metal_t3_small_3_ramp.json",
                    "proj": "BP_Bend",
                    "transform": [
                        0.7849081754684448,
                        -0.1387653350830078,
                        0.603873610496521,
                        241.49510192871094,
                        0.366746187210083,
                        0.889586865901947,
                        -0.27227258682250977,
                        -108.88452911376953,
                        -0.4994160830974579,
                        0.4351773262023926,
                        0.7491356134414673,
                        299.5868225097656
                    ],
                    "op": "BO_Add",
                    "rotation": -5.989996433258057,
                    "scale": [
                        1,
                        1,
                        1
                    ],
                    "height": 399.9100036621094,
                    "position": [
                        241.4951171875,
                        -108.8845443725586,
                        299.58685302734375
                    ],
                    "weightHard": false,
                    "weightScale": [
                        1,
                        1,
                        1
                    ],
                    "mirrored": false,
                    "twinId": 10,
                    "flooded": false,
                    "pathable": true,
                    "mergeable": false,
                    "no_features": true
                },
                {
                    "weight": [
                        1,
                        1,
                        1,
                        1
                    ],
                    "spec": "/pa/terrain/metal/brushes/metal_t3_small_3_ramp.json",
                    "proj": "BP_Bend",
                    "transform": [
                        0.7849081754684448,
                        -0.1387653350830078,
                        0.603873610496521,
                        241.4951171875,
                        0.366746187210083,
                        0.889586865901947,
                        -0.27227258682250977,
                        -108.88452911376953,
                        0.4994160830974579,
                        -0.4351773262023926,
                        -0.7491356134414673,
                        -299.5868225097656
                    ],
                    "op": "BO_Add",
                    "rotation": -5.989996433258057,
                    "scale": [
                        1,
                        1,
                        1
                    ],
                    "height": 399.9100036621094,
                    "position": [
                        241.4951171875,
                        -108.8845443725586,
                        299.58685302734375
                    ],
                    "weightHard": false,
                    "weightScale": [
                        1,
                        1,
                        1
                    ],
                    "mirrored": true,
                    "twinId": 10,
                    "flooded": false,
                    "pathable": true,
                    "mergeable": false,
                    "no_features": true
                },
                {
                    "weight": [
                        1,
                        1,
                        1,
                        1
                    ],
                    "spec": "/pa/terrain/metal/brushes/metal_t3_small_2_ramp.json",
                    "proj": "BP_Bend",
                    "transform": [
                        0.016855508089065552,
                        0.4511750042438507,
                        0.8922762274742126,
                        357.3194274902344,
                        0.04569670557975769,
                        0.8911229968070984,
                        -0.4514549970626831,
                        -180.78890991210938,
                        -0.9988130331039429,
                        0.04838353395462036,
                        -0.00559687614440918,
                        -2.2413156032562256
                    ],
                    "op": "BO_Add",
                    "rotation": -0.4200000464916229,
                    "scale": [
                        1,
                        1,
                        1
                    ],
                    "height": 400.45831298828125,
                    "position": [
                        357.3194580078125,
                        -180.78890991210938,
                        -2.2413504123687744
                    ],
                    "weightHard": false,
                    "weightScale": [
                        1,
                        1,
                        1
                    ],
                    "mirrored": false,
                    "twinId": 0,
                    "flooded": false,
                    "pathable": true,
                    "mergeable": false,
                    "no_features": true
                },
                {
                    "weight": [
                        1,
                        1,
                        1,
                        1
                    ],
                    "spec": "/pa/terrain/metal/brushes/metal_t2_medium_wide_ramp.json",
                    "proj": "BP_Bend",
                    "transform": [
                        0.3772314190864563,
                        -0.32034730911254883,
                        0.8689499497413635,
                        346.1461181640625,
                        0.10383537411689758,
                        0.9469842314720154,
                        0.30403804779052734,
                        121.11351776123047,
                        -0.9202796220779419,
                        -0.024464935064315796,
                        0.3904955983161926,
                        155.5538787841797
                    ],
                    "op": "BO_Add",
                    "rotation": 0.3100000023841858,
                    "scale": [
                        1,
                        1,
                        1
                    ],
                    "height": 398.3498840332031,
                    "position": [
                        346.1461181640625,
                        121.113525390625,
                        155.55386352539062
                    ],
                    "weightHard": false,
                    "weightScale": [
                        1,
                        1,
                        1
                    ],
                    "mirrored": false,
                    "twinId": 19,
                    "flooded": false,
                    "pathable": true,
                    "mergeable": false,
                    "no_features": true
                },
                {
                    "weight": [
                        1,
                        1,
                        1,
                        1
                    ],
                    "spec": "/pa/terrain/metal/brushes/metal_t2_medium_wide_ramp.json",
                    "proj": "BP_Bend",
                    "transform": [
                        0.3772314190864563,
                        -0.32034730911254883,
                        0.8689499497413635,
                        346.1461486816406,
                        0.10383537411689758,
                        0.9469842314720154,
                        0.30403804779052734,
                        121.11351776123047,
                        0.9202796220779419,
                        0.024464935064315796,
                        -0.3904955983161926,
                        -155.55389404296875
                    ],
                    "op": "BO_Add",
                    "rotation": 0.3100000023841858,
                    "scale": [
                        1,
                        1,
                        1
                    ],
                    "height": 398.3498840332031,
                    "position": [
                        346.1461181640625,
                        121.113525390625,
                        155.55386352539062
                    ],
                    "weightHard": false,
                    "weightScale": [
                        1,
                        1,
                        1
                    ],
                    "mirrored": true,
                    "twinId": 19,
                    "flooded": false,
                    "pathable": true,
                    "mergeable": false,
                    "no_features": true
                },
                {
                    "weight": [
                        1,
                        1,
                        1,
                        1
                    ],
                    "spec": "/pa/terrain/metal/brushes/metal_t2_medium_wide_ramp.json",
                    "proj": "BP_Bend",
                    "transform": [
                        0.14633414149284363,
                        0.950128972530365,
                        0.2753928601741791,
                        110.51097106933594,
                        -0.3817816972732544,
                        0.31106463074684143,
                        -0.8703340888023376,
                        -349.2518615722656,
                        -0.9125946164131165,
                        0.02221965789794922,
                        0.408261239528656,
                        163.82904052734375
                    ],
                    "op": "BO_Add",
                    "rotation": -1.2399994134902954,
                    "scale": [
                        1,
                        1,
                        1
                    ],
                    "height": 401.2848205566406,
                    "position": [
                        110.510986328125,
                        -349.25189208984375,
                        163.82899475097656
                    ],
                    "weightHard": false,
                    "weightScale": [
                        1,
                        1,
                        1
                    ],
                    "mirrored": false,
                    "twinId": 20,
                    "flooded": false,
                    "pathable": true,
                    "mergeable": false,
                    "no_features": true
                },
                {
                    "weight": [
                        1,
                        1,
                        1,
                        1
                    ],
                    "spec": "/pa/terrain/metal/brushes/metal_t2_medium_wide_ramp.json",
                    "proj": "BP_Bend",
                    "transform": [
                        0.14633414149284363,
                        0.950128972530365,
                        0.2753928601741791,
                        110.5109634399414,
                        -0.3817816972732544,
                        0.31106463074684143,
                        -0.8703340888023376,
                        -349.2518615722656,
                        0.9125946164131165,
                        -0.02221965789794922,
                        -0.408261239528656,
                        -163.82904052734375
                    ],
                    "op": "BO_Add",
                    "rotation": -1.2399994134902954,
                    "scale": [
                        1,
                        1,
                        1
                    ],
                    "height": 401.2848205566406,
                    "position": [
                        110.510986328125,
                        -349.25189208984375,
                        163.82899475097656
                    ],
                    "weightHard": false,
                    "weightScale": [
                        1,
                        1,
                        1
                    ],
                    "mirrored": true,
                    "twinId": 20,
                    "flooded": false,
                    "pathable": true,
                    "mergeable": false,
                    "no_features": true
                },
                {
                    "weight": [
                        1,
                        1,
                        1,
                        1
                    ],
                    "spec": "/pa/terrain/metal/brushes/metal_t1_medium_2_ramp.json",
                    "proj": "BP_Bend",
                    "transform": [
                        0.49521195888519287,
                        0.8408679962158203,
                        0.2184174358844757,
                        86.49786376953125,
                        -0.7634896039962769,
                        0.30125781893730164,
                        0.5712507367134094,
                        226.2272186279297,
                        0.41454651951789856,
                        -0.4496496319770813,
                        0.7911803722381592,
                        313.3239440917969
                    ],
                    "op": "BO_Add",
                    "rotation": -1.1099995374679565,
                    "scale": [
                        1,
                        1,
                        1
                    ],
                    "height": 396.0208740234375,
                    "position": [
                        86.49787139892578,
                        226.22723388671875,
                        313.3239440917969
                    ],
                    "weightHard": false,
                    "weightScale": [
                        1,
                        1,
                        1
                    ],
                    "mirrored": false,
                    "twinId": 23,
                    "flooded": false,
                    "pathable": true,
                    "mergeable": false,
                    "no_features": true
                },
                {
                    "weight": [
                        1,
                        1,
                        1,
                        1
                    ],
                    "spec": "/pa/terrain/metal/brushes/metal_t1_medium_2_ramp.json",
                    "proj": "BP_Bend",
                    "transform": [
                        0.49521195888519287,
                        0.8408679962158203,
                        0.2184174358844757,
                        86.49786376953125,
                        -0.7634896039962769,
                        0.30125781893730164,
                        0.5712507367134094,
                        226.2272186279297,
                        -0.41454651951789856,
                        0.4496496319770813,
                        -0.7911803722381592,
                        -313.3239440917969
                    ],
                    "op": "BO_Add",
                    "rotation": -1.1099995374679565,
                    "scale": [
                        1,
                        1,
                        1
                    ],
                    "height": 396.0208740234375,
                    "position": [
                        86.49787139892578,
                        226.22723388671875,
                        313.3239440917969
                    ],
                    "weightHard": false,
                    "weightScale": [
                        1,
                        1,
                        1
                    ],
                    "mirrored": true,
                    "twinId": 23,
                    "flooded": false,
                    "pathable": true,
                    "mergeable": false,
                    "no_features": true
                },
                {
                    "weight": [
                        1,
                        1,
                        1,
                        1
                    ],
                    "spec": "/pa/terrain/metal/brushes/metal_t1_medium_2_ramp.json",
                    "proj": "BP_Bend",
                    "transform": [
                        -0.26309797167778015,
                        -0.9214480519294739,
                        -0.285854697227478,
                        -114.09906768798828,
                        0.878375768661499,
                        -0.10623061656951904,
                        -0.46601611375808716,
                        -186.01058959960938,
                        0.39904314279556274,
                        -0.3736957907676697,
                        0.83732670545578,
                        334.21942138671875
                    ],
                    "op": "BO_Add",
                    "rotation": -4.509995937347412,
                    "scale": [
                        1,
                        1,
                        1
                    ],
                    "height": 399.1505432128906,
                    "position": [
                        -114.09906005859375,
                        -186.0105743408203,
                        334.21942138671875
                    ],
                    "weightHard": false,
                    "weightScale": [
                        1,
                        1,
                        1
                    ],
                    "mirrored": false,
                    "twinId": 24,
                    "flooded": false,
                    "pathable": true,
                    "mergeable": false,
                    "no_features": true
                },
                {
                    "weight": [
                        1,
                        1,
                        1,
                        1
                    ],
                    "spec": "/pa/terrain/metal/brushes/metal_t1_medium_2_ramp.json",
                    "proj": "BP_Bend",
                    "transform": [
                        -0.26309797167778015,
                        -0.9214480519294739,
                        -0.285854697227478,
                        -114.09906768798828,
                        0.878375768661499,
                        -0.10623061656951904,
                        -0.46601611375808716,
                        -186.01058959960938,
                        -0.39904314279556274,
                        0.3736957907676697,
                        -0.83732670545578,
                        -334.21942138671875
                    ],
                    "op": "BO_Add",
                    "rotation": -4.509995937347412,
                    "scale": [
                        1,
                        1,
                        1
                    ],
                    "height": 399.1505432128906,
                    "position": [
                        -114.09906005859375,
                        -186.0105743408203,
                        334.21942138671875
                    ],
                    "weightHard": false,
                    "weightScale": [
                        1,
                        1,
                        1
                    ],
                    "mirrored": true,
                    "twinId": 24,
                    "flooded": false,
                    "pathable": true,
                    "mergeable": false,
                    "no_features": true
                },
                {
                    "weight": [
                        1,
                        1,
                        1,
                        1
                    ],
                    "spec": "/pa/terrain/metal/brushes/metal_t2_medium_2_ramp.json",
                    "proj": "BP_Bend",
                    "transform": [
                        0.7870938181877136,
                        -0.19115480780601501,
                        -0.5864666700363159,
                        -234.18666076660156,
                        -0.017520368099212646,
                        0.9434583783149719,
                        -0.3310277760028839,
                        -132.18533325195312,
                        0.6165844202041626,
                        0.27082502841949463,
                        0.7392411231994629,
                        295.1922302246094
                    ],
                    "op": "BO_Add",
                    "rotation": 0.10000002384185791,
                    "scale": [
                        1,
                        1,
                        1
                    ],
                    "height": 399.31793212890625,
                    "position": [
                        -234.18663024902344,
                        -132.18531799316406,
                        295.1922607421875
                    ],
                    "weightHard": false,
                    "weightScale": [
                        1,
                        1,
                        1
                    ],
                    "mirrored": false,
                    "twinId": 26,
                    "flooded": false,
                    "pathable": true,
                    "mergeable": false,
                    "no_features": true
                },
                {
                    "weight": [
                        1,
                        1,
                        1,
                        1
                    ],
                    "spec": "/pa/terrain/metal/brushes/metal_t2_medium_2_ramp.json",
                    "proj": "BP_Bend",
                    "transform": [
                        0.7870938181877136,
                        -0.19115480780601501,
                        -0.5864666700363159,
                        -234.18666076660156,
                        -0.017520368099212646,
                        0.9434583783149719,
                        -0.3310277760028839,
                        -132.18533325195312,
                        -0.6165844202041626,
                        -0.27082502841949463,
                        -0.7392411231994629,
                        -295.1922302246094
                    ],
                    "op": "BO_Add",
                    "rotation": 0.10000002384185791,
                    "scale": [
                        1,
                        1,
                        1
                    ],
                    "height": 399.31793212890625,
                    "position": [
                        -234.18663024902344,
                        -132.18531799316406,
                        295.1922607421875
                    ],
                    "weightHard": false,
                    "weightScale": [
                        1,
                        1,
                        1
                    ],
                    "mirrored": true,
                    "twinId": 26,
                    "flooded": false,
                    "pathable": true,
                    "mergeable": false,
