{
    "name": "Atlantic",
     "players": [
        2,
        2
    ],
    "creator": "(Metapod)",
    "version": "1",
    "date": "2016/04/27",
    "description": "A colder Pacific with more spawn metal",
	"planets": [
        {
            "name": "Posideon",
            "mass": 10000,
            "position_x": 17100,
            "position_y": -16700,
            "velocity_x": 101.053955078125,
            "velocity_y": 103.47441101074219,
            "required_thrust_to_move": 0,
            "starting_planet": true,
            "respawn": false,
            "start_destroyed": false,
            "min_spawn_delay": 0,
            "max_spawn_delay": 0,
            "planet": {
                "seed": 1124614400,
                "radius": 450,
                "heightRange": 40,
                "waterHeight": 56,
                "waterDepth": 100,
                "temperature": 0,
                "metalDensity": 50,
                "metalClusters": 50,
                "metalSpotLimit": -1,
                "biomeScale": 50,
                "biome": "earth",
                "symmetryType": "terrain and CSG",
                "symmetricalMetal": true,
                "symmetricalStarts": true,
                "numArmies": 2,
                "landingZonesPerArmy": 1,
                "landingZoneSize": 0
            },
            "source": {
                "brushes": [
                    {
                        "spec": "/pa/terrain/ice/brushes/ice_cliff_09.json",
                        "weight": [
                            1,
                            1,
                            1,
                            1
                        ],
                        "proj": "BP_Bend",
                        "op": "BO_Add",
                        "transform": [
                            -0.8249493837356567,
                            0.5556463599205017,
                            0.10351696610450745,
                            47.552555084228516,
                            -0.5354007482528687,
                            -0.7095380425453186,
                            -0.4581505060195923,
                            -210.46044921875,
                            -0.18112041056156158,
                            -0.4333740472793579,
                            0.8828263282775879,
                            405.5436706542969
                        ],
                        "scale": [
                            1,
                            1,
                            1
                        ],
                        "rotation": 3.759674549102783,
                        "position": [
                            47.552555084228516,
                            -210.46044921875,
                            405.5436706542969
                        ],
                        "height": 459.36968994140625,
                        "weightHard": false,
                        "weightScale": [
                            1,
                            1,
                            1
                        ],
                        "mirrored": false,
                        "twinId": 3,
                        "flooded": false,
                        "pathable": false,
                        "mergeable": false,
                        "no_features": false
                    },
                    {
                        "spec": "/pa/terrain/ice/brushes/ice_cliff_01.json",
                        "weight": [
                            1,
                            1,
                            1,
                            1
                        ],
                        "proj": "BP_Bend",
                        "op": "BO_Add",
                        "transform": [
                            0.27018147706985474,
                            0.903827428817749,
                            -0.3318099081516266,
                            -153.4130401611328,
                            -0.825828492641449,
                            0.04037163406610489,
                            -0.5624743103981018,
                            -260.0612487792969,
                            -0.4949840307235718,
                            0.42598822712898254,
                            0.7573142051696777,
                            350.1459045410156
                        ],
                        "scale": [
                            1,
                            1,
                            1
                        ],
                        "rotation": 4.890042304992676,
                        "position": [
                            -153.41305541992188,
                            -260.061279296875,
                            350.1458435058594
                        ],
                        "height": 462.3522033691406,
                        "weightHard": false,
                        "weightScale": [
                            1,
                            1,
                            1
                        ],
                        "mirrored": false,
                        "twinId": 4,
                        "flooded": false,
                        "pathable": false,
                        "mergeable": false,
                        "no_features": false
                    },
                    {
                        "spec": "/pa/terrain/ice/brushes/ice_cliff_02.json",
                        "weight": [
                            1,
                            1,
                            1,
                            1
                        ],
                        "proj": "BP_Bend",
                        "op": "BO_Add",
                        "transform": [
                            0.6652519106864929,
                            -0.7466189861297607,
                            3.477622811942638e-8,
                            0.000016112586308736354,
                            0.6626951694488525,
                            0.5904741287231445,
                            -0.4606250822544098,
                            -213.4176788330078,
                            0.34391140937805176,
                            0.30643174052238464,
                            0.8875948190689087,
                            411.2420959472656
                        ],
                        "scale": [
                            1,
                            1,
                            1
                        ],
                        "rotation": 0.8429651856422424,
                        "position": [
                            0.000016112588127725758,
                            -213.41769409179688,
                            411.2420959472656
                        ],
                        "height": 463.3218688964844,
                        "weightHard": false,
                        "weightScale": [
                            1,
                            1,
                            1
                        ],
                        "mirrored": false,
                        "twinId": 5,
                        "flooded": false,
                        "pathable": false,
                        "mergeable": false,
                        "no_features": false
                    },
                    {
                        "spec": "/pa/terrain/ice/brushes/ice_cliff_03.json",
                        "weight": [
                            1,
                            1,
                            1,
                            1
                        ],
                        "proj": "BP_Bend",
                        "op": "BO_Add",
                        "transform": [
                            -0.16739633679389954,
                            -0.9224332571029663,
                            -0.3479875326156616,
                            -161.47720336914062,
                            0.8787680268287659,
                            0.02040506899356842,
                            -0.4768127202987671,
                            -221.25616455078125,
                            0.44692862033843994,
                            -0.3856170177459717,
                            0.8071891665458679,
                            374.561279296875
                        ],
                        "scale": [
                            1,
                            1,
                            1
                        ],
                        "rotation": 1.6522232294082642,
                        "position": [
                            -161.47718811035156,
                            -221.25611877441406,
                            374.5612487792969
                        ],
                        "height": 464.0315856933594,
                        "weightHard": false,
                        "weightScale": [
                            1,
                            1,
                            1
                        ],
                        "mirrored": false,
                        "twinId": 6,
                        "flooded": false,
                        "pathable": false,
                        "mergeable": false,
                        "no_features": false
                    },
                    {
                        "spec": "/pa/terrain/ice/brushes/ice_cliff_03.json",
                        "weight": [
                            1,
                            1,
                            1,
                            1
                        ],
                        "proj": "BP_Bend",
                        "op": "BO_Add",
                        "transform": [
                            -0.34614524245262146,
                            -0.48112213611602783,
                            0.8054221868515015,
                            373.5867919921875,
                            -0.24788780510425568,
                            -0.7810817956924438,
                            -0.573116660118103,
                            -265.8342590332031,
                            0.9048397541046143,
                            -0.3980359435081482,
                            0.15110349655151367,
                            70.08779907226562
                        ],
                        "scale": [
                            1,
                            1,
                            1
                        ],
                        "rotation": 2.9375619888305664,
                        "position": [
                            373.5867919921875,
                            -265.83428955078125,
                            70.08772277832031
                        ],
                        "height": 463.8396911621094,
                        "weightHard": false,
                        "weightScale": [
                            1,
                            1,
                            1
                        ],
                        "mirrored": false,
                        "twinId": 9,
                        "flooded": false,
                        "pathable": false,
                        "mergeable": false,
                        "no_features": false
                    },
                    {
                        "spec": "/pa/terrain/ice/brushes/ice_cliff_02.json",
                        "weight": [
                            1,
                            1,
                            1,
                            1
                        ],
                        "proj": "BP_Bend",
                        "op": "BO_Add",
                        "transform": [
                            0.6741386651992798,
                            -0.1113470196723938,
                            0.7301636934280396,
                            335.2572937011719,
                            0.6616008281707764,
                            0.5305227041244507,
                            -0.5299339890480042,
                            -243.32110595703125,
                            -0.3283618092536926,
                            0.8403258323669434,
                            0.431313157081604,
                            198.03900146484375
                        ],
                        "scale": [
                            1,
                            1,
                            1
                        ],
                        "rotation": 0.570469319820404,
                        "position": [
                            335.25726318359375,
                            -243.32107543945312,
                            198.03895568847656
                        ],
                        "height": 459.15362548828125,
                        "weightHard": false,
                        "weightScale": [
                            1,
                            1,
                            1
                        ],
                        "mirrored": false,
                        "twinId": 10,
                        "flooded": false,
                        "pathable": false,
                        "mergeable": false,
                        "no_features": false
                    },
                    {
                        "spec": "/pa/terrain/ice/brushes/ice_cliff_03.json",
                        "weight": [
                            1,
                            1,
                            1,
                            1
                        ],
                        "proj": "BP_Bend",
                        "op": "BO_Add",
                        "transform": [
                            0.15000401437282562,
                            -0.5413583517074585,
                            0.827302873134613,
                            379.7942199707031,
                            0.7247090339660645,
                            -0.5089874863624573,
                            -0.464465856552124,
                            -213.22474670410156,
                            0.6725292801856995,
                            0.6692255735397339,
                            0.3159770965576172,
                            145.0572509765625
                        ],
                        "scale": [
                            1,
                            1,
                            1
                        ],
                        "rotation": 1.8470866680145264,
                        "position": [
                            379.79425048828125,
                            -213.22479248046875,
                            145.0573272705078
                        ],
                        "height": 459.0751953125,
                        "weightHard": false,
                        "weightScale": [
                            1,
                            1,
                            1
                        ],
                        "mirrored": false,
                        "twinId": 11,
                        "flooded": false,
                        "pathable": false,
                        "mergeable": false,
                        "no_features": false
                    },
                    {
                        "spec": "/pa/terrain/ice/brushes/ice_cliff_09.json",
                        "weight": [
                            1,
                            1,
                            1,
                            1
                        ],
                        "proj": "BP_Bend",
                        "op": "BO_Add",
                        "transform": [
                            -0.8249493837356567,
                            0.5556463599205017,
                            0.10351696610450745,
                            47.552555084228516,
                            -0.5354007482528687,
                            -0.7095380425453186,
                            -0.4581505060195923,
                            -210.46044921875,
                            0.18112041056156158,
                            0.4333740472793579,
                            -0.8828263282775879,
                            -405.5436706542969
                        ],
                        "scale": [
                            1,
                            1,
                            1
                        ],
                        "rotation": 3.759674549102783,
                        "position": [
                            47.552555084228516,
                            -210.46044921875,
                            405.5436706542969
                        ],
                        "height": 459.36968994140625,
                        "weightHard": false,
                        "weightScale": [
                            1,
                            1,
                            1
                        ],
                        "mirrored": true,
                        "twinId": 3,
                        "flooded": false,
                        "pathable": false,
                        "mergeable": false,
                        "no_features": false
                    },
                    {
                        "spec": "/pa/terrain/ice/brushes/ice_cliff_01.json",
                        "weight": [
                            1,
                            1,
                            1,
                            1
                        ],
                        "proj": "BP_Bend",
                        "op": "BO_Add",
                        "transform": [
                            0.27018147706985474,
                            0.903827428817749,
                            -0.3318099081516266,
                            -153.4130401611328,
                            -0.825828492641449,
                            0.04037163406610489,
                            -0.5624743103981018,
                            -260.0612487792969,
                            0.4949840307235718,
                            -0.42598822712898254,
                            -0.7573142051696777,
                            -350.1459045410156
                        ],
                        "scale": [
                            1,
                            1,
                            1
                        ],
                        "rotation": 4.890042304992676,
                        "position": [
                            -153.41305541992188,
                            -260.061279296875,
                            350.1458435058594
                        ],
                        "height": 462.3522033691406,
                        "weightHard": false,
                        "weightScale": [
                            1,
                            1,
                            1
                        ],
                        "mirrored": true,
                        "twinId": 4,
                        "flooded": false,
                        "pathable": false,
                        "mergeable": false,
                        "no_features": false
                    },
                    {
                        "spec": "/pa/terrain/ice/brushes/ice_cliff_02.json",
                        "weight": [
                            1,
                            1,
                            1,
                            1
                        ],
                        "proj": "BP_Bend",
                        "op": "BO_Add",
                        "transform": [
                            0.6652519106864929,
                            -0.7466189861297607,
                            3.477622811942638e-8,
                            0.000016112586308736354,
                            0.6626951694488525,
                            0.5904741287231445,
                            -0.4606250822544098,
                            -213.4176788330078,
                            -0.34391140937805176,
                            -0.30643174052238464,
                            -0.8875948190689087,
                            -411.2420959472656
                        ],
                        "scale": [
                            1,
                            1,
                            1
                        ],
                        "rotation": 0.8429651856422424,
                        "position": [
                            0.000016112588127725758,
                            -213.41769409179688,
                            411.2420959472656
                        ],
                        "height": 463.3218688964844,
                        "weightHard": false,
                        "weightScale": [
                            1,
                            1,
                            1
                        ],
                        "mirrored": true,
                        "twinId": 5,
                        "flooded": false,
                        "pathable": false,
                        "mergeable": false,
                        "no_features": false
                    },
                    {
                        "spec": "/pa/terrain/ice/brushes/ice_cliff_03.json",
                        "weight": [
                            1,
                            1,
                            1,
                            1
                        ],
                        "proj": "BP_Bend",
                        "op": "BO_Add",
                        "transform": [
                            -0.16739633679389954,
                            -0.9224332571029663,
                            -0.3479875326156616,
                            -161.47720336914062,
                            0.8787680268287659,
                            0.02040506899356842,
                            -0.4768127202987671,
                            -221.2561492919922,
                            -0.44692862033843994,
                            0.3856170177459717,
                            -0.8071891665458679,
                            -374.561279296875
                        ],
                        "scale": [
                            1,
                            1,
                            1
                        ],
                        "rotation": 1.6522232294082642,
                        "position": [
                            -161.47718811035156,
                            -221.25611877441406,
                            374.5612487792969
                        ],
                        "height": 464.0315856933594,
                        "weightHard": false,
                        "weightScale": [
                            1,
                            1,
                            1
                        ],
                        "mirrored": true,
                        "twinId": 6,
                        "flooded": false,
                        "pathable": false,
                        "mergeable": false,
                        "no_features": false
                    },
                    {
                        "spec": "/pa/terrain/ice/brushes/ice_cliff_03.json",
                        "weight": [
                            1,
                            1,
                            1,
                            1
                        ],
                        "proj": "BP_Bend",
                        "op": "BO_Add",
                        "transform": [
                            -0.34614524245262146,
                            -0.48112213611602783,
                            0.8054221868515015,
                            373.5868225097656,
                            -0.24788780510425568,
                            -0.7810817956924438,
                            -0.573116660118103,
                            -265.8342590332031,
                            -0.9048397541046143,
                            0.3980359435081482,
                            -0.15110349655151367,
                            -70.08779907226562
                        ],
                        "scale": [
                            1,
                            1,
                            1
                        ],
                        "rotation": 2.9375619888305664,
                        "position": [
                            373.5867919921875,
                            -265.83428955078125,
                            70.08772277832031
                        ],
                        "height": 463.8396911621094,
                        "weightHard": false,
                        "weightScale": [
                            1,
                            1,
                            1
                        ],
                        "mirrored": true,
                        "twinId": 9,
                        "flooded": false,
                        "pathable": false,
                        "mergeable": false,
                        "no_features": false
                    },
                    {
                        "spec": "/pa/terrain/ice/brushes/ice_cliff_02.json",
                        "weight": [
                            1,
                            1,
                            1,
                            1
                        ],
                        "proj": "BP_Bend",
                        "op": "BO_Add",
                        "transform": [
                            0.6741386651992798,
                            -0.1113470196723938,
                            0.7301636934280396,
                            335.2572937011719,
                            0.6616008281707764,
                            0.5305227041244507,
                            -0.5299339890480042,
                            -243.3210906982422,
                            0.3283618092536926,
                            -0.8403258323669434,
                            -0.431313157081604,
                            -198.0389862060547
                        ],
                        "scale": [
                            1,
                            1,
                            1
                        ],
                        "rotation": 0.570469319820404,
                        "position": [
                            335.25726318359375,
                            -243.32107543945312,
                            198.03895568847656
                        ],
                        "height": 459.15362548828125,
                        "weightHard": false,
                        "weightScale": [
                            1,
                            1,
                            1
                        ],
                        "mirrored": true,
                        "twinId": 10,
                        "flooded": false,
                        "pathable": false,
                        "mergeable": false,
                        "no_features": false
                    },
                    {
                        "spec": "/pa/terrain/ice/brushes/ice_cliff_03.json",
                        "weight": [
                            1,
                            1,
                            1,
                            1
                        ],
                        "proj": "BP_Bend",
                        "op": "BO_Add",
                        "transform": [
                            0.15000401437282562,
                            -0.5413583517074585,
                            0.827302873134613,
                            379.7942199707031,
                            0.7247090339660645,
                            -0.5089874863624573,
                            -0.464465856552124,
                            -213.22474670410156,
                            -0.6725292801856995,
                            -0.6692255735397339,
                            -0.3159770965576172,
                            -145.0572509765625
                        ],
                        "scale": [
                            1,
                            1,
                            1
                        ],
                        "rotation": 1.8470866680145264,
                        "position": [
                            379.79425048828125,
                            -213.22479248046875,
                            145.0573272705078
                        ],
                        "height": 459.0751953125,
                        "weightHard": false,
                        "weightScale": [
                            1,
                            1,
                            1
                        ],
                        "mirrored": true,
                        "twinId": 11,
                        "flooded": false,
                        "pathable": false,
                        "mergeable": false,
                        "no_features": false
                    },
                    {
                        "spec": "/pa/terrain/ice/brushes/ice_cliff_09.json",
                        "weight": [
                            1,
                            1,
                            1,
                            1
                        ],
                        "proj": "BP_Bend",
                        "op": "BO_Add",
                        "transform": [
                            0.030235767364501953,
                            0.39439907670021057,
                            0.9184415340423584,
                            426.61614990234375,
                            0.39439907670021057,
                            0.8395995497703552,
                            -0.37352633476257324,
                            -173.5030059814453,
                            -0.9184415340423584,
                            0.37352633476257324,
                            -0.1301647424697876,
                            -60.46153259277344
                        ],
                        "scale": [
                            1,
                            1,
                            1
                        ],
                        "rotation": 0,
                        "position": [
                            426.6162109375,
                            -173.50302124023438,
                            -60.46165466308594
                        ],
                        "height": 464.50006103515625,
                        "weightHard": false,
                        "weightScale": [
                            1,
                            1,
                            1
                        ],
                        "mirrored": false,
                        "twinId": 14,
                        "flooded": false,
                        "pathable": false,
                        "mergeable": false,
                        "no_features": false
                    },
                    {
                        "spec": "/pa/terrain/ice/brushes/ice_cliff_09.json",
                        "weight": [
                            1,
                            1,
                            1,
                            1
                        ],
                        "proj": "BP_Bend",
                        "op": "BO_Add",
                        "transform": [
                            0.030235767364501953,
                            0.39439907670021057,
                            0.9184415340423584,
                            426.61614990234375,
                            0.39439907670021057,
                            0.8395995497703552,
                            -0.37352633476257324,
                            -173.5030059814453,
                            0.9184415340423584,
                            -0.37352633476257324,
                            0.1301647424697876,
                            60.46153259277344
                        ],
                        "scale": [
                            1,
                            1,
                            1
                        ],
                        "rotation": 0,
                        "position": [
                            426.6162109375,
                            -173.50302124023438,
                            -60.46165466308594
                        ],
                        "height": 464.50006103515625,
                        "weightHard": false,
                        "weightScale": [
                            1,
                            1,
                            1
                        ],
                        "mirrored": true,
                        "twinId": 14,
                        "flooded": false,
                        "pathable": false,
                        "mergeable": false,
                        "no_features": false
                    },
                    {
                        "spec": "/pa/terrain/ice/brushes/ice_cliff_02.json",
                        "weight": [
                            1,
                            1,
                            1,
                            1
                        ],
                        "proj": "BP_Bend",
                        "op": "BO_Add",
                        "transform": [
                            0.9234317541122437,
                            -0.06565901637077332,
                            -0.37810400128364563,
                            -174.44898986816406,
                            -0.06565901637077332,
                            0.9436959028244019,
                            -0.32423287630081177,
                            -149.59402465820312,
                            0.37810400128364563,
                            0.32423287630081177,
                            0.8671276569366455,
                            400.07391357421875
                        ],
                        "scale": [
                            1,
                            1,
                            1
                        ],
                        "rotation": 0,
                        "position": [
                            -174.44900512695312,
                            -149.5940399169922,
                            400.07391357421875
                        ],
                        "height": 461.3783264160156,
                        "weightHard": false,
                        "weightScale": [
                            1,
                            1,
                            1
                        ],
                        "mirrored": false,
                        "twinId": 15,
                        "flooded": false,
                        "pathable": false,
                        "mergeable": false,
                        "no_features": false
                    },
                    {
                        "spec": "/pa/terrain/ice/brushes/ice_cliff_02.json",
                        "weight": [
                            1,
                            1,
                            1,
                            1
                        ],
                        "proj": "BP_Bend",
                        "op": "BO_Add",
                        "transform": [
                            0.9234317541122437,
                            -0.06565901637077332,
                            -0.37810400128364563,
                            -174.448974609375,
                            -0.06565901637077332,
                            0.9436959028244019,
                            -0.32423287630081177,
                            -149.59402465820312,
                            -0.37810400128364563,
                            -0.32423287630081177,
                            -0.8671276569366455,
                            -400.07391357421875
                        ],
                        "scale": [
                            1,
                            1,
                            1
                        ],
                        "rotation": 0,
                        "position": [
                            -174.44900512695312,
                            -149.5940399169922,
                            400.07391357421875
                        ],
                        "height": 461.3783264160156,
                        "weightHard": false,
                        "weightScale": [
                            1,
                            1,
                            1
                        ],
                        "mirrored": true,
                        "twinId": 15,
                        "flooded": false,
                        "pathable": false,
                        "mergeable": false,
                        "no_features": false
                    },
                    {
                        "spec": "/pa/terrain/ice/brushes/ice_cliff_06.json",
                        "weight": [
                            1,
                            1,
                            1,
                            1
                        ],
                        "proj": "BP_Bend",
                        "op": "BO_Add",
                        "transform": [
                            0.9492291212081909,
                            -0.11769606173038483,
                            -0.29173901677131653,
                            -133.6490936279297,
                            -0.11769606173038483,
                            0.7271591424942017,
                            -0.6763041019439697,
                            -309.8229064941406,
                            0.29173901677131653,
                            0.6763041019439697,
                            0.6763882637023926,
                            309.8614807128906
                        ],
                        "scale": [
                            1,
                            1,
                            1
                        ],
                        "rotation": 0,
                        "position": [
                            -133.64910888671875,
                            -309.82293701171875,
                            309.8614501953125
                        ],
                        "height": 458.1118469238281,
                        "weightHard": false,
                        "weightScale": [
                            1,
                            1,
                            1
                        ],
                        "mirrored": false,
                        "twinId": 19,
                        "flooded": false,
                        "pathable": false,
                        "mergeable": false,
                        "no_features": false
                    },
                    {
                        "spec": "/pa/terrain/ice/brushes/ice_cliff_06.json",
                        "weight": [
                            1,
                            1,
                            1,
                            1
                        ],
                        "proj": "BP_Bend",
                        "op": "BO_Add",
                        "transform": [
                            0.9492291212081909,
                            -0.11769606173038483,
                            -0.29173901677131653,
                            -133.6490936279297,
                            -0.11769606173038483,
                            0.7271591424942017,
                            -0.6763041019439697,
                            -309.8229064941406,
                            -0.29173901677131653,
                            -0.6763041019439697,
                            -0.6763882637023926,
                            -309.8614807128906
                        ],
                        "scale": [
                            1,
                            1,
                            1
                        ],
                        "rotation": 0,
                        "position": [
